sampleRep	PRD1	PRD2	PRD3	PRD4	PRD5	ALR1	ALR2	ALR3	ALR4	ALR5	BFR1	BSF1
Jones~p1~GTSP4938~1	79474	68455	13432	9772	8009	8009	5115	5060	4880	4880	4614	4579
Jones~p1~GTSP4938~2	60532	53342	10042	6934	5336	5336	3181	3057	2965	2965	2748	2617
Jones~p1~GTSP4938~3	64759	58008	11252	8065	6623	6623	4030	4005	3927	3927	3740	3624
Jones~p1~GTSP4938~4	57409	47770	8988	6055	5399	5399	3453	3410	3294	3294	3054	2932
Jones~p1~GTSP4938~5	50728	45575	32247	25108	3569	3569	3038	3012	2716	2716	2631	2546
Jones~p1~GTSP4938~6	46291	41957	29139	22485	3097	3097	2553	2527	2282	2282	2195	2129
Jones~p1~GTSP4938~7	40971	33526	22797	17415	3416	3416	2927	2893	2422	2422	2381	2350
Jones~p1~GTSP4938~8	50221	41957	28872	23109	4133	4133	3316	3199	3094	3094	3036	2998
Jones~p2~GTSP4939~1	69758	59794	13036	8636	6514	6514	4073	4020	3930	3930	3602	3451
Jones~p2~GTSP4939~2	70623	61322	13214	9468	7278	7278	4399	4346	4257	4257	4020	3770
Jones~p2~GTSP4939~3	69046	59184	13573	9891	8106	8106	4760	4691	4532	4532	4104	3604
Jones~p2~GTSP4939~4	67360	59056	14645	11200	9498	9498	5925	5817	5620	5620	5340	5078
Jones~p2~GTSP4939~5	34401	29282	21069	16423	2162	2162	1789	1771	1739	1739	1628	1571
Jones~p2~GTSP4939~6	37117	32327	23292	18326	1974	1974	1636	1586	1519	1519	1417	1296
Jones~p2~GTSP4939~7	28487	24466	17311	13781	2194	2194	1863	1850	1810	1810	1776	1670
Jones~p2~GTSP4939~8	29756	26127	18859	15520	2412	2412	2087	2065	2026	2026	1790	1540
Jones~p3~GTSP4940~1	25080	22821	4077	3381	2787	2787	1861	1767	1693	1693	1513	1469
Jones~p3~GTSP4940~2	60476	53488	11635	9108	7682	7682	4427	4304	4208	4208	3734	3565
Jones~p3~GTSP4940~3	59326	52367	10949	8295	7064	7064	3979	3856	3760	3760	3237	3050
Jones~p3~GTSP4940~4	58805	51954	11283	8472	6945	6945	3882	3811	3676	3676	2959	2733
Jones~p3~GTSP4940~5	36148	32371	20941	17123	3749	3749	2985	2832	2726	2726	2508	2182
Jones~p3~GTSP4940~6	34813	30830	21217	16911	3462	3462	3016	2876	2748	2748	2696	2350
Jones~p3~GTSP4940~7	29687	25965	17407	14220	2385	2385	1987	1948	1904	1904	1857	1687
Jones~p3~GTSP4940~8	27655	24895	16108	12752	2697	2697	2273	2229	2135	2135	2044	1779
Jones~p4~GTSP4941~1	85021	73992	14778	10438	8284	8284	5507	5453	5231	5231	4678	4452
Jones~p4~GTSP4941~2	85743	76865	13961	9600	7927	7927	5108	5002	4908	4908	4587	4348
Jones~p4~GTSP4941~3	89110	79536	16659	12107	10047	10047	6583	6445	6370	6370	6023	5591
Jones~p4~GTSP4941~4	95353	85897	16692	11738	9804	9804	6080	5924	5708	5708	5239	4777
Jones~p4~GTSP4941~5	24304	20935	13880	11522	2446	2446	2020	1945	1913	1913	1781	1678
Jones~p4~GTSP4941~6	25470	22482	14420	11520	2111	2111	1736	1692	1636	1636	1531	1514
Jones~p4~GTSP4941~7	28605	25812	16530	12922	2853	2853	2300	2271	2212	2212	1946	1879
Jones~p4~GTSP4941~8	25965	23115	14394	11966	2533	2533	2127	2086	2043	2043	1885	1674
Jones~p5~GTSP4942~1	87793	80293	20043	12452	11167	11167	7595	7547	7451	7451	6251	6150
Jones~p5~GTSP4942~2	63966	54685	12078	8014	6537	6537	4498	4043	3856	3856	3827	3577
Jones~p5~GTSP4942~3	66467	58895	14698	11750	10411	10411	7335	7144	6928	6928	5381	5283
Jones~p5~GTSP4942~4	59726	43204	10211	7106	4288	4288	2551	2534	2514	2514	2511	2491
Jones~p5~GTSP4942~5	26075	24595	14683	11795	3519	3519	2985	2864	2804	2804	2782	2777
Jones~p5~GTSP4942~6	25002	22953	15884	12343	3492	3492	2969	2931	2882	2882	2816	2740
Jones~p5~GTSP4942~7	27996	26120	15372	12555	3133	3133	2422	2348	2303	2303	2302	2283
Jones~p5~GTSP4942~8	14778	14368	9111	6739	874	874	654	651	617	617	616	570
Jones~p6~GTSP4943~1	43460	43352	13614	10955	7699	7699	5734	4084	3370	3370	3239	3238
Jones~p6~GTSP4943~10	12527	12471	1893	1638	1516	1516	1279	1273	1223	1223	1214	1214
Jones~p6~GTSP4943~11	10288	10278	1595	1347	1319	1319	518	472	467	467	458	242
Jones~p6~GTSP4943~12	17850	17821	5925	5541	4423	4423	3842	3827	3766	3766	3766	3766
Jones~p6~GTSP4943~13	11943	11457	7932	3126	2469	2469	1305	1297	1286	1286	1286	1283
Jones~p6~GTSP4943~14	11945	11213	10547	7994	5612	5612	4527	4482	4429	4429	4405	4405
Jones~p6~GTSP4943~15	19533	13246	6463	4442	2943	2943	1473	1469	1461	1461	1456	1456
Jones~p6~GTSP4943~16	10687	10258	5605	4234	1649	1649	286	284	278	278	278	278
Jones~p6~GTSP4943~2	55956	55707	13006	9052	8095	8095	5126	5040	4901	4901	4871	4871
Jones~p6~GTSP4943~3	60026	59914	14242	10877	9841	9841	2850	2061	2036	2036	1908	953
Jones~p6~GTSP4943~4	91528	91317	36721	31766	23495	23495	15135	15098	14710	14710	14708	14708
Jones~p6~GTSP4943~5	17783	16210	13214	1147	708	708	599	592	580	580	580	579
Jones~p6~GTSP4943~6	18830	17545	16915	6014	4061	4061	3436	3381	3328	3328	3317	3317
Jones~p6~GTSP4943~7	16598	13590	9151	2253	1000	1000	829	828	825	825	825	824
Jones~p6~GTSP4943~8	7635	7342	4869	2771	702	702	602	596	586	586	585	585
Jones~p6~GTSP4943~9	7841	7831	1954	1799	1325	1325	954	878	830	830	803	803
Jones~p7~GTSP4944~1	21886	21817	5073	3229	2446	2446	1777	1769	1726	1726	1710	1709
Jones~p7~GTSP4944~10	41072	12222	4215	3522	3483	3483	2746	2735	2710	2710	2709	2708
Jones~p7~GTSP4944~11	526	511	504	236	236	236	149	147	146	146	146	146
Jones~p7~GTSP4944~12	22935	22872	9777	8616	8440	8440	7476	7447	7378	7378	7376	7373
Jones~p7~GTSP4944~13	2543	2390	1831	638	64	64	12	12	11	11	11	11
Jones~p7~GTSP4944~14	13536	13136	12220	4950	1812	1812	1290	1285	1251	1251	1251	1251
Jones~p7~GTSP4944~15	10916	10667	9930	3952	1462	1462	1021	1018	999	999	998	997
Jones~p7~GTSP4944~16	198588	8359	4522	1413	609	609	28	26	25	25	25	25
Jones~p7~GTSP4944~2	132683	30938	15335	4670	4663	4663	1168	1165	1159	1159	1155	1152
Jones~p7~GTSP4944~3	1318	1227	1218	479	479	479	437	412	317	317	317	317
Jones~p7~GTSP4944~4	77062	76931	29588	23864	21850	21850	15734	15699	15491	15491	15478	15477
Jones~p7~GTSP4944~5	14507	12626	12097	1082	38	38	12	12	12	12	12	11
Jones~p7~GTSP4944~6	8785	7751	7027	1233	26	26	9	9	9	9	9	9
Jones~p7~GTSP4944~7	15739	13981	13408	1970	500	500	459	456	448	448	447	447
Jones~p7~GTSP4944~8	42962	13976	12037	423	104	104	7	7	7	7	7	7
Jones~p7~GTSP4944~9	4544	4522	1402	1080	1064	1064	970	963	948	948	948	947
Jones~p8~GTSP4945~1	119683	97983	39990	27700	9917	9917	6662	6560	6517	6517	6513	6513
Jones~p8~GTSP4945~10	19189	19128	4592	3868	3801	3801	3394	2802	2742	2742	2699	2674
Jones~p8~GTSP4945~11	24737	23616	8405	7833	4241	4241	3683	3497	3407	3407	3374	3370
Jones~p8~GTSP4945~12	35011	23076	2701	2166	2136	2136	1799	1771	1765	1765	1759	1759
Jones~p8~GTSP4945~13	12131	8808	4406	3290	1902	1902	418	416	414	414	413	413
Jones~p8~GTSP4945~14	12727	12353	9056	4583	1769	1769	717	673	664	664	663	662
Jones~p8~GTSP4945~15	10553	9748	5585	4514	2030	2030	1450	1284	1066	1066	1052	1044
Jones~p8~GTSP4945~16	22353	20097	19334	12213	1762	1762	1346	1213	1159	1159	1153	1153
Jones~p8~GTSP4945~2	50869	50633	13839	9852	9170	9170	6927	5880	5786	5786	5765	5718
Jones~p8~GTSP4945~3	64288	62953	23322	19246	10662	10662	6912	6638	6424	6424	6362	6358
Jones~p8~GTSP4945~4	80942	58283	8068	4656	4252	4252	2932	2905	2879	2879	2876	2875
Jones~p8~GTSP4945~5	13908	11656	8640	2104	543	543	462	453	439	439	438	438
Jones~p8~GTSP4945~6	24244	22191	18012	2784	549	549	395	378	366	366	366	366
Jones~p8~GTSP4945~7	15809	14484	10460	4471	1893	1893	1475	1274	861	861	858	832
Jones~p8~GTSP4945~8	29391	26404	25605	12996	1420	1420	1300	1216	1148	1148	1139	1136
Jones~p8~GTSP4945~9	34145	19864	4434	3558	1740	1740	1472	1438	1415	1415	1414	1414
Jones~p9~GTSP4946~1	167747	108506	22106	12646	9540	9540	6629	6478	4978	4978	4977	4977
Jones~p9~GTSP4946~10	18095	17606	3066	2584	2490	2490	2205	2194	2165	2165	2160	2160
Jones~p9~GTSP4946~11	23631	22178	3583	3073	1713	1713	1455	1434	1415	1415	1378	1296
Jones~p9~GTSP4946~12	66927	55835	3009	1915	1573	1573	873	872	851	851	849	849
Jones~p9~GTSP4946~13	55689	49030	31618	26932	18307	18307	12083	12017	11524	11524	11478	11477
Jones~p9~GTSP4946~14	44680	20280	11928	9325	2158	2158	711	708	694	694	679	677
Jones~p9~GTSP4946~15	49000	39171	22667	18291	11327	11327	7442	7420	7310	7310	7303	7303
Jones~p9~GTSP4946~16	30436	28282	25433	21771	10950	10950	8961	8853	6613	6613	6581	6581
Jones~p9~GTSP4946~2	54399	53533	10134	6923	5280	5280	3027	3022	2980	2980	2972	2972
Jones~p9~GTSP4946~3	54214	52011	10728	6945	2552	2552	1180	1174	1168	1168	1080	976
Jones~p9~GTSP4946~4	132504	114124	11747	3943	2304	2304	508	508	497	497	497	496
Jones~p9~GTSP4946~5	19973	19518	15055	11605	6316	6316	5735	5658	5380	5380	5339	5339
Jones~p9~GTSP4946~6	23335	16446	12919	5720	460	460	347	342	334	334	334	332
Jones~p9~GTSP4946~7	31955	27882	20499	6649	1872	1872	1595	1586	1517	1517	1516	1516
Jones~p9~GTSP4946~8	19483	18244	16662	12932	4149	4149	3032	2799	2244	2244	2239	2239
Jones~p9~GTSP4946~9	42709	18478	2657	2108	1808	1808	1623	1586	1238	1238	1236	1236
Jones~UninfectedControl~20220317-UninfectedControl-MN~1	8	7	7	NA	NA	NA	NA	NA	NA	NA	NA	NA
Jones~UninfectedControl~20220317-UninfectedControl-MN~2	215	197	197	NA	NA	NA	NA	NA	NA	NA	NA	NA
Jones~UninfectedControl~20220317-UninfectedControl-MN~3	120	106	106	NA	NA	NA	NA	NA	NA	NA	NA	NA
Jones~UninfectedControl~20220317-UninfectedControl-MN~4	165	146	145	NA	NA	NA	NA	NA	NA	NA	NA	NA
Jones~UninfectedControl~20220317-UninfectedControl-MN~5	546	430	430	NA	NA	NA	NA	NA	NA	NA	NA	NA
Jones~UninfectedControl~20220317-UninfectedControl-MN~6	277	224	224	NA	NA	NA	NA	NA	NA	NA	NA	NA
Jones~UninfectedControl~20220317-UninfectedControl-MN~7	1060	857	857	NA	NA	NA	NA	NA	NA	NA	NA	NA
Jones~UninfectedControl~20220317-UninfectedControl-MN~8	191	164	164	NA	NA	NA	NA	NA	NA	NA	NA	NA
Jones~UninfectedControl~20220608-UninfectedControl~1	93	81	81	NA	NA	NA	NA	NA	NA	NA	NA	NA
Jones~UninfectedControl~20220608-UninfectedControl~2	113	104	104	NA	NA	NA	NA	NA	NA	NA	NA	NA
Jones~UninfectedControl~20220608-UninfectedControl~3	67	61	61	NA	NA	NA	NA	NA	NA	NA	NA	NA
Jones~UninfectedControl~20220608-UninfectedControl~4	54	45	45	NA	NA	NA	NA	NA	NA	NA	NA	NA
Jones~UninfectedControl~20220608-UninfectedControl~5	256	207	207	NA	NA	NA	NA	NA	NA	NA	NA	NA
Jones~UninfectedControl~20220608-UninfectedControl~6	274	219	219	NA	NA	NA	NA	NA	NA	NA	NA	NA
Jones~UninfectedControl~20220608-UninfectedControl~7	338	281	281	NA	NA	NA	NA	NA	NA	NA	NA	NA
Jones~UninfectedControl~20220608-UninfectedControl~8	259	234	234	NA	NA	NA	NA	NA	NA	NA	NA	NA
